定风波莫听穿林打叶声。
2.81, 7.635
1, 0.860, 2.522, 78.125, 1279.796, 1020.766
三月七日，
10.83, 12.03
0, 0.000, 3.333, 98.684, 1515.696, 1172.742
沙湖道中遇雨雨具先去，
12.53, 16.69
1, 0.885, 3.053, 93.750, 1384.414, 1133.483
同行皆狼狈，
17.13, 18.77
0, 0.000, 3.049, 156.250, 1393.046, 1097.136
余独不觉已而遂晴故作此词。
19.39, 24.995
1, 0.839, 2.518, 110.294, 1272.144, 1088.188
莫听穿林打叶声，
28.38, 31.34
0, 0.000, 2.365, 64.655, 1263.580, 1011.244
何妨吟啸，
32.1, 33.42
0, 0.000, 3.030, 170.455, 1236.447, 1055.828
且徐行竹杖芒鞋轻胜马，
33.88, 39.84
1, 1.055, 2.039, 98.684, 1730.176, 1268.969
谁怕一蓑烟雨任平生料峭春风吹酒醒微冷，
40.62, 53.525
5, 5.730, 2.509, 93.750, 1175.703, 1063.577
山头斜照却相迎。
54.53, 57.885
0, 0.000, 2.086, 93.750, 1586.717, 1206.150
回首向来萧瑟处归去，
59.27, 65.185
1, 0.995, 1.829, 89.286, 1356.340, 1122.721
也无风雨也无情。
66.2, 71.725
1, 1.085, 1.577, 125.000, 1607.566, 1151.846
