观义脉田家少，
0.31, 6.44
1, 3.435, 2.226, 144.231, 1142.462, 947.463
闲月，
6.5, 7.06
0, 0.000, 3.571, 133.929, 2097.164, 1265.748
五月人倍忙。
7.62, 9.835
0, 0.000, 2.257, 125.000, 726.470, 676.508
夜来，
11.01, 11.57
0, 0.000, 3.571, 170.455, 752.986, 455.296
南风起，
11.67, 12.39
0, 0.000, 4.167, 234.375, 1902.641, 1430.906
小麦覆垄，
13.15, 14.97
0, 0.000, 2.198, 117.188, 1533.522, 1111.239
黄赋孤鹤丹时同志携湖江相随。
15.17, 23.84
3, 3.570, 2.549, 133.929, 1151.505, 1083.035
想田去丁壮在南冈。
24.0, 27.795
0, 0.000, 2.108, 110.294, 1412.861, 1054.274
足怔熟土气，
29.25, 31.11
0, 0.000, 2.688, 133.929, 1716.679, 1305.127
背着颜，
31.69, 33.21
0, 0.000, 1.974, 110.294, 1486.756, 1088.257
天光历尽不知热旦夕。
33.45, 37.47
1, 0.980, 2.961, 170.455, 1261.862, 1134.502
夏日长糖富有贫妇人豹子在其旁，
37.91, 44.91
1, 1.625, 2.605, 81.522, 1203.597, 1031.064
右手柄一穗，
45.85, 47.65
0, 0.000, 2.778, 66.964, 1292.734, 1208.892
左臂悬臂筐。
48.07, 50.415
0, 0.000, 2.132, 110.294, 1399.143, 1272.217
听其相顾言，
51.67, 53.21
0, 0.000, 3.247, 104.167, 1777.882, 1414.972
闻者，
53.87, 54.39
0, 0.000, 3.846, 234.375, 867.648, 872.227
谓悲伤家田疏睡尽，
55.09, 60.3
1, 1.235, 2.013, 98.684, 1229.501, 1057.738
使此充饥。
60.86, 62.58
0, 0.000, 2.326, 117.188, 1741.778, 1282.557
长经我何功德，
62.8, 65.9
1, 1.080, 2.970, 187.500, 1306.592, 1091.978
曾不是农桑历露三百担碎砚有余粮，
66.22, 73.005
0, 0.000, 2.211, 125.000, 1399.527, 1121.962
念此思自愧，
74.67, 77.15
1, 0.820, 3.012, 133.929, 1246.539, 1028.200
近日不能忘。
78.05, 81.415
1, 0.905, 2.033, 104.167, 746.552, 712.837
