水调歌头，
4.01, 5.45
0, 0.000, 2.778, 156.250, 1470.468, 1018.997
明月几时有丙辰中秋欢饮，
6.39, 14.06
1, 3.075, 2.394, 144.231, 1299.153, 1079.285
达旦大醉作此篇兼怀子游。
14.3, 20.525
0, 0.000, 1.767, 66.964, 1171.960, 943.453
明月几时，
24.35, 26.29
0, 0.000, 2.062, 117.188, 2108.523, 1161.178
有把酒问青天，
26.51, 31.135
1, 1.055, 1.681, 104.167, 1246.609, 1082.620
不知天上宫阙，
32.32, 34.02
0, 0.000, 3.529, 144.231, 1823.198, 1152.081
今夕是何年，
34.9, 37.605
0, 0.000, 1.848, 144.231, 1620.359, 1191.551
我欲乘风归去，
38.88, 40.92
0, 0.000, 2.941, 170.455, 1558.283, 1120.556
又恐琼楼。
41.46, 42.88
0, 0.000, 2.817, 78.125, 1310.966, 1121.050
玉宇高处不胜寒，
43.0, 46.785
1, 0.900, 2.426, 144.231, 1220.674, 966.806
起舞弄清影，
48.63, 51.135
0, 0.000, 1.996, 170.455, 1299.712, 1208.265
何似在人间转朱阁低绮户照无眠，
52.09, 63.305
2, 3.370, 1.785, 85.227, 1162.473, 956.561
不应有恨，
64.34, 65.22
0, 0.000, 4.545, 144.231, 967.045, 825.407
何事长向别时圆。
66.08, 68.805
0, 0.000, 2.569, 170.455, 1627.232, 1093.095
人有悲欢离和月有阴晴圆缺，
69.9, 76.565
0, 0.000, 1.800, 117.188, 1360.199, 1071.598
此事古难全，
77.56, 80.375
0, 0.000, 1.776, 110.294, 1576.572, 1042.725
但愿人长久，
82.42, 84.915
0, 0.000, 2.004, 170.455, 1461.539, 1018.062
千里共婵娟。
86.03, 89.895
1, 1.275, 1.931, 81.522, 1484.682, 1142.153
