江城子乙卯正月二十日夜，
1.84, 5.96
0, 0.000, 2.670, 98.684, 1240.686, 1097.734
祭梦十年生死两茫茫，
6.5, 16.725
2, 5.785, 2.027, 117.188, 1110.412, 1108.670
不思量自难忘。
17.96, 21.405
1, 0.880, 2.339, 72.115, 682.006, 648.871
千里孤坟无处话凄凉。
23.23, 28.765
1, 1.085, 2.022, 144.231, 981.441, 1046.232
纵使相逢，
30.4, 31.64
0, 0.000, 3.226, 85.227, 1482.618, 1360.032
应不识尘满面 b 如霜。
32.46, 39.525
2, 2.490, 2.404, 156.250, 1137.250, 1049.793
夜来幽梦忽还乡，
43.29, 46.15
1, 0.895, 3.562, 133.929, 674.115, 647.962
小轩窗正梳妆相顾无言，
47.17, 52.935
1, 1.165, 2.174, 144.231, 1066.277, 1054.519
唯有泪千行。
53.86, 56.105
0, 0.000, 2.227, 78.125, 1275.677, 1220.987
料得年年长，
58.52, 60.4
0, 0.000, 2.660, 156.250, 1519.428, 1174.675
短处明月。
60.62, 63.3
1, 1.255, 2.807, 156.250, 986.983, 868.188
夜段松冈，
63.52, 67.605
1, 1.685, 1.667, 72.115, 921.691, 751.476
