永裕乐京口北固亭怀古千古江山英雄无觅。
1.07, 14.01
2, 5.140, 2.308, 81.522, 1059.661, 1001.481
孙仲谋处舞榭歌台风流总被雨打风吹去斜阳草树，
14.13, 27.82
3, 4.345, 2.247, 117.188, 1282.321, 1075.181
寻常巷陌人道寄奴。
28.48, 32.06
1, 0.835, 2.914, 170.455, 1132.148, 1066.021
曾住想当年，
32.12, 34.48
1, 0.915, 3.460, 234.375, 1061.738, 996.332
金戈铁马气吞万里如虎，
34.76, 39.755
0, 0.000, 2.002, 98.684, 1190.661, 1034.672
元家草草风狼居墟，
42.7, 46.74
1, 0.840, 2.500, 117.188, 1122.080, 949.466
赢得苍皇北顾。
47.18, 49.42
0, 0.000, 2.679, 170.455, 1073.559, 949.065
四十三年，
49.98, 51.26
0, 0.000, 3.125, 125.000, 1705.676, 1180.968
望东游记烽火，
51.72, 54.27
0, 0.000, 2.353, 117.188, 894.861, 979.551
扬州录堪回首碧离祠下一片神崖社谷凭谁问廉颇老矣，
55.01, 72.985
4, 6.940, 2.084, 125.000, 1182.444, 1055.752
尚能犯否？
74.1, 76.615
0, 0.000, 1.590, 81.522, 1237.471, 1061.208
