红椒隐隐窗纱珠帘小小，
8.33, 12.22
1, 0.925, 3.373, 187.500, 1519.691, 1262.757
人家绿柳匆匆去马断桥西下满湖烟雨愁花。
12.24, 22.625
3, 4.225, 2.922, 98.684, 1250.221, 1141.453
红色的芭蕉花照映着隐隐约约的窗纱。
31.68, 35.635
0, 0.000, 4.046, 170.455, 1471.062, 1289.908
朱红色的门帘是个小门小户的人家绿色的柳树，
36.81, 43.22
2, 2.590, 5.236, 156.250, 1229.449, 1115.500
下面一位公子骑着一匹马，
43.22, 46.28
0, 0.000, 3.595, 133.929, 1193.754, 1075.150
正要匆匆离开断桥，
46.9, 50.55
1, 1.905, 4.585, 117.188, 1088.209, 966.482
西边就是白堤了。
50.55, 51.985
0, 0.000, 4.878, 170.455, 1533.417, 1279.392
满湖的蒙蒙细雨笼罩着忧愁的花。
53.26, 57.345
1, 1.015, 4.560, 208.333, 1207.237, 1134.450
红椒隐隐窗纱，
68.26, 70.075
0, 0.000, 3.306, 187.500, 1582.048, 1350.327
珠帘小小，
71.03, 72.19
0, 0.000, 3.448, 144.231, 1499.178, 1221.993
人家绿流匆匆去马断桥西下。
72.21, 79.145
2, 3.020, 3.065, 75.000, 1172.660, 1086.865
满湖烟雨愁花。
80.58, 83.055
0, 0.000, 2.424, 144.231, 1118.837, 1054.974
