湖光秋月两相和，
6.34, 9.205
0, 0.000, 2.443, 117.188, 1111.266, 994.499
潭面无风镜未磨，
10.74, 13.525
1, 0.840, 3.599, 156.250, 1336.452, 1103.389
遥望洞庭山水翠，
15.11, 17.235
0, 0.000, 3.294, 125.000, 1837.690, 1308.833
白银盘里一青螺，
18.39, 21.235
0, 0.000, 2.460, 133.929, 1109.412, 994.476
洞庭湖的水色和月光互相辉映，
29.81, 32.935
0, 0.000, 4.160, 104.167, 1356.553, 1231.604
湖面上风平浪静，
34.15, 35.825
0, 0.000, 4.179, 133.929, 1699.285, 1403.271
好像没有磨过的铜镜一样，
36.77, 39.255
0, 0.000, 4.427, 85.227, 1101.754, 991.354
远远的眺望洞庭湖的山水苍翠如墨，
40.68, 44.685
1, 0.860, 4.769, 144.231, 1551.490, 1282.430
就好像白银盘里托着一枚青螺。
45.76, 49.825
0, 0.000, 3.198, 156.250, 1394.887, 1161.404
湖光秋月两相和，
59.06, 61.875
0, 0.000, 2.487, 98.684, 1201.358, 1074.863
潭面无风镜未磨。
63.88, 66.625
0, 0.000, 2.550, 156.250, 1400.722, 1134.527
遥望洞庭山水翠白银盘里一青螺。
68.81, 75.435
2, 2.370, 3.290, 133.929, 1350.078, 1149.124
