旧山虽在不关身，
7.58, 9.865
0, 0.000, 3.063, 81.522, 1910.433, 1440.984
且向长安过暮春一束梨花以喜悦，
11.7, 19.735
2, 3.230, 2.914, 117.188, 1414.422, 1208.418
不知今夜属何人如画的江山和身在长安的我并没有太多关系，
21.48, 37.085
4, 10.020, 4.655, 156.250, 1397.861, 1071.570
暂且就在长安度过春天吧。
38.82, 42.625
0, 0.000, 2.891, 187.500, 1469.604, 1265.081
一树的梨花和溪水当中，
44.97, 47.65
0, 0.000, 3.731, 110.294, 1532.557, 1401.826
弯弯的月影，
48.25, 49.245
0, 0.000, 5.025, 170.455, 504.813, 669.761
不知道这样美好的夜该属于谁？
51.3, 56.235
1, 1.425, 3.704, 125.000, 1526.702, 1227.112
旧山虽在，
66.26, 67.28
0, 0.000, 3.922, 156.250, 2341.153, 1406.374
不关身，
67.8, 68.645
0, 0.000, 3.550, 144.231, 1849.534, 1234.233
且向长安过目春，
70.84, 73.695
0, 0.000, 2.452, 110.294, 1711.820, 1314.330
一树梨花一惜月，
75.65, 78.305
1, 0.820, 3.815, 93.750, 1697.136, 1376.395
不知今夜属何人就。
80.09, 85.61
2, 3.380, 3.738, 144.231, 1544.504, 1111.816
