船动湖光滟滟秋，
8.81, 11.23
0, 0.000, 2.893, 78.125, 1231.583, 1188.688
贪侃年少性船流无端隔水抛莲子，
12.19, 18.035
1, 1.045, 2.917, 156.250, 1290.368, 1183.369
遥被人知半日休。
18.8, 21.845
0, 0.000, 2.299, 125.000, 1240.163, 1286.646
湖光秋色，
32.51, 33.39
0, 0.000, 4.545, 156.250, 969.003, 1023.290
景色宜人。
33.91, 34.995
0, 0.000, 3.687, 208.333, 1481.051, 1200.982
一位姑娘荡着小舟来采莲，
35.74, 37.975
0, 0.000, 4.922, 170.455, 994.608, 1039.865
他任凭小舟随波漂流，
38.97, 41.105
0, 0.000, 4.215, 208.333, 1277.703, 1148.695
原来是为了看那岸上的美少年姑娘没有来由的抓起一把帘子，
41.8, 48.37
1, 1.605, 5.237, 125.000, 1281.003, 1215.377
向那少年抛着过去，
48.73, 50.27
0, 0.000, 5.195, 81.522, 1717.197, 1371.651
猛然觉得被人远远的看到了，
50.89, 53.485
0, 0.000, 4.624, 117.188, 1047.925, 866.335
因此害羞了半天，
54.22, 56.275
0, 0.000, 3.406, 104.167, 1305.858, 1142.148
船动湖光滟滟秋堪侃，
69.88, 73.87
1, 0.845, 2.862, 133.929, 1245.260, 1059.792
年少性船流无端隔水抛莲子遥被人知半日休。
73.91, 82.955
2, 1.830, 2.633, 85.227, 1250.184, 1203.313
