溪水江桥不复回，
8.11, 10.595
0, 0.000, 2.817, 144.231, 1412.828, 1201.988
小舟游矣断高开，
12.4, 14.825
0, 0.000, 2.887, 187.500, 1239.800, 1066.906
交情得似山西渡，
16.63, 18.755
0, 0.000, 3.294, 117.188, 1735.926, 1386.168
不管风波去又来。
20.56, 23.195
1, 0.820, 3.857, 85.227, 1059.849, 1022.303
溪水流过桥以后就不再回来。
32.06, 34.935
0, 0.000, 4.174, 117.188, 1211.571, 1137.406
小乔还得靠短高撑开交情，
36.83, 41.48
1, 2.065, 4.255, 133.929, 1346.778, 1111.272
就是像山西度那样，
41.64, 43.12
0, 0.000, 5.405, 117.188, 1911.569, 1485.186
恒久不变。
43.5, 44.415
0, 0.000, 4.372, 156.250, 952.212, 888.991
不管风吹浪打，
45.59, 46.975
0, 0.000, 4.332, 144.231, 975.478, 795.932
永远都在溪水，
47.76, 57.6
1, 8.555, 4.669, 81.522, 930.713, 811.524
江桥不复回。
57.7, 59.305
0, 0.000, 3.115, 110.294, 1095.590, 1029.745
小舟游矣断高开，
61.37, 63.765
0, 0.000, 2.923, 187.500, 991.427, 969.467
交情得似山西渡，
66.25, 68.255
0, 0.000, 3.491, 117.188, 1926.265, 1422.629
不管风波去又来。
69.93, 72.915
1, 0.985, 3.500, 81.522, 1187.278, 1072.463
