默默清音晚自开青天白日映楼台曲江水满花千树有底芒时不肯来。
3.34, 16.565
2, 1.945, 2.482, 156.250, 1280.240, 1082.139
哎呀，
23.83, 24.19
0, 0.000, 5.556, 117.188, 1253.510, 832.156
这淡淡的阴云薄雾，
24.63, 26.21
0, 0.000, 5.063, 144.231, 867.771, 913.956
傍晚的时候就自行散开了。
26.45, 28.445
0, 0.000, 5.514, 110.294, 1147.336, 1032.675
万里的青天白日朗朗映照着这楼台曲江上的春水弥漫了两岸的繁花千树，
29.11, 37.22
1, 0.965, 4.339, 110.294, 1288.070, 1108.854
你到底有啥事那么忙啊，
37.74, 39.76
0, 0.000, 4.950, 144.231, 961.806, 823.037
一直都不肯来，
40.0, 41.015
0, 0.000, 5.911, 156.250, 903.894, 802.259
默默清音晚自开。
47.23, 49.77
0, 0.000, 2.756, 110.294, 914.545, 819.437
青天白日映楼台，
50.61, 52.87
0, 0.000, 3.097, 170.455, 1317.576, 1025.746
曲江水满花，
53.75, 55.51
0, 0.000, 2.841, 110.294, 1591.066, 1253.326
千树有底，
55.67, 57.46
0, 0.000, 2.235, 69.444, 1561.647, 1156.439
忙，
57.54, 57.78
0, 0.000, 4.167, 133.929, 736.467, 307.174
时不肯来。
57.86, 59.615
0, 0.000, 2.279, 156.250, 1229.796, 1134.592
