山外青山楼外楼西湖歌舞几时休，
11.76, 19.525
3, 3.455, 3.248, 170.455, 1506.752, 1322.533
暖风熏得游人醉，
21.25, 23.435
0, 0.000, 3.204, 125.000, 1495.397, 1434.923
直把杭州做汴州西湖四周的青山绵延楼阁也望不到头，
24.63, 46.405
3, 15.895, 3.912, 156.250, 963.007, 849.739
湖面游船上的歌舞什么时候才能停下温暖馥郁的香风，
48.57, 56.785
2, 3.510, 4.888, 104.167, 1137.147, 1103.280
把人吹得醉醺醺的简直就是把杭州当成了汴州了。
57.83, 64.885
2, 2.730, 4.855, 110.294, 1272.407, 1115.458
山外青山楼外楼西湖歌舞，
72.58, 79.055
2, 3.160, 3.318, 187.500, 1127.776, 1072.151
几时休暖风熏得游人醉，
80.29, 85.275
1, 1.995, 3.344, 208.333, 1522.224, 1224.311
直把杭州做汴州。
86.52, 90.065
1, 1.095, 2.857, 156.250, 1261.482, 1123.514
