小营秋露，
7.96, 8.98
0, 0.000, 3.922, 125.000, 1724.629, 1363.516
一枝心不占园中醉上春桃李无言，
9.38, 16.53
2, 3.120, 3.474, 98.684, 1051.998, 1070.403
又何在？
17.13, 18.075
0, 0.000, 3.175, 110.294, 885.935, 809.428
像风偏笑，
19.76, 21.035
0, 0.000, 3.137, 110.294, 1650.490, 1269.295
艳阳人一枝刚刚绽放的紫薇花在秋露里迎着晨光。
21.92, 34.115
1, 7.095, 4.118, 156.250, 771.488, 705.826
他们有在早春和百花争奇斗艳无言的桃花。
35.07, 40.22
1, 1.455, 4.871, 170.455, 857.717, 852.334
李花现在不知道在何处，
40.24, 42.665
0, 0.000, 4.124, 117.188, 1107.981, 1010.917
只有紫薇在向着寒冷的秋风笑对那些争着在艳阳天开放的花朵小营秋路，
44.09, 60.975
1, 8.955, 3.909, 110.294, 857.474, 849.129
一只心不占园中醉上春桃李无言，
61.73, 68.57
2, 2.670, 3.357, 98.684, 1062.441, 965.505
又何在？
68.85, 69.725
0, 0.000, 3.429, 117.188, 1120.578, 932.999
像风偏笑艳阳人。
70.67, 73.845
1, 0.925, 3.111, 187.500, 1161.459, 1063.904
