清溪一夜舟芙蓉，
11.5, 14.45
1, 1.045, 3.675, 125.000, 1440.485, 1222.555
两岸秋彩铃，
14.71, 18.0
1, 1.825, 3.413, 98.684, 1064.616, 933.751
谁家女歌声起，
18.18, 21.49
1, 1.005, 2.603, 49.342, 1491.519, 1378.673
牧鸥乱云愁满头，
21.71, 26.55
2, 2.860, 3.535, 156.250, 862.186, 793.737
风雨待荷叶归去休。
26.57, 31.065
2, 1.830, 3.002, 187.500, 1413.636, 1188.591
清澈的溪水当中飘荡着一叶小舟，
42.82, 46.395
0, 0.000, 3.916, 133.929, 1566.610, 1316.705
在靠近两岸的秋水里开满了荷花，
47.32, 50.675
0, 0.000, 4.173, 72.115, 1276.574, 1113.070
一群美丽纯洁的农家少女唱着瑜伽歌谣，
51.94, 55.845
0, 0.000, 4.353, 117.188, 1553.429, 1292.884
歌声飞入荷花丛中，
56.84, 59.315
0, 0.000, 3.232, 187.500, 1253.381, 1152.191
惊起了一群栖息的水鸟。
60.17, 62.265
0, 0.000, 4.773, 117.188, 1642.810, 1274.658
突然风雨欲来，
63.78, 65.085
0, 0.000, 4.598, 187.500, 1078.970, 947.585
采莲少女却处乱不惊，
65.91, 68.175
0, 0.000, 3.974, 144.231, 1730.649, 1328.491
采下了一茎绿荷叶戴在头上，
69.0, 71.305
0, 0.000, 5.206, 117.188, 1353.247, 1174.771
反正归家了。
72.26, 73.415
0, 0.000, 4.329, 133.929, 1085.913, 1039.549
清溪一叶舟芙蓉，
82.96, 86.22
1, 0.915, 2.985, 46.875, 1303.019, 1185.313
两岸秋彩铃，
86.34, 89.91
1, 2.265, 3.831, 267.857, 1072.871, 1042.325
谁家女歌声起木鸥乱云愁满头，
90.01, 98.24
3, 3.945, 3.034, 125.000, 1323.344, 1230.871
风雨待荷叶归去休。
98.26, 102.805
2, 1.970, 3.107, 234.375, 1393.624, 1208.158
