关山客子路花柳帝王城，
6.97, 11.745
1, 1.645, 3.195, 110.294, 1044.433, 916.506
此中一分手相顾连无声，
13.88, 19.455
2, 2.825, 3.636, 117.188, 1504.692, 1197.052
由此要踏上关险山高的旅途，
27.89, 31.335
1, 0.825, 4.580, 104.167, 1373.567, 1117.578
这里是繁华热闹的长安城。
33.47, 35.715
0, 0.000, 4.900, 117.188, 1707.866, 1265.114
在这儿我们分手告别，
37.83, 40.735
1, 1.035, 4.813, 89.286, 1345.366, 1056.885
默默相望，
41.85, 42.815
0, 0.000, 4.145, 133.929, 1078.584, 1150.009
悲伤的说不出话。
44.14, 46.555
1, 0.825, 4.403, 133.929, 1571.693, 1078.757
关山客子路花柳帝王城，
55.43, 61.045
1, 1.975, 2.747, 104.167, 1088.165, 919.683
此中一分手，
63.39, 64.685
0, 0.000, 3.861, 81.522, 2063.379, 1325.253
香菇连无声。
66.64, 68.985
1, 0.825, 3.289, 110.294, 1268.031, 1222.387
