苍苍竹林寺遥遥终生晚，
4.97, 10.515
1, 1.755, 2.639, 60.484, 1111.595, 1070.264
鹤唳带斜阳，
12.9, 14.415
0, 0.000, 3.300, 104.167, 990.221, 980.804
青山独归远遥望。
16.02, 26.04
1, 7.285, 2.559, 187.500, 739.957, 771.332
苍苍山林中的竹林寺远远传来报事的钟声。
26.08, 31.685
1, 1.735, 4.651, 85.227, 1441.291, 1255.680
他戴着斗笠身披着斜阳的余晖，
33.57, 36.985
1, 0.835, 5.039, 144.231, 1382.818, 1325.078
独自向青山走去，
38.37, 40.085
0, 0.000, 4.082, 110.294, 1898.240, 1329.284
渐行渐远。
41.38, 43.145
0, 0.000, 2.266, 46.875, 1116.938, 1202.406
苍苍竹林寺遥杳终生晚，
51.73, 56.405
1, 1.245, 2.915, 58.594, 1122.052, 1060.435
鹤唳带斜阳，
58.42, 59.965
0, 0.000, 3.236, 104.167, 1061.966, 1069.062
青山无归远。
61.45, 63.995
1, 1.025, 3.289, 156.250, 1085.355, 1115.926
