赤壁赋壬戌之秋，
3.38, 11.585
1, 5.015, 2.194, 117.188, 1544.721, 1206.117
七月既望苏子与客泛舟游于赤壁之下，
12.53, 20.615
1, 1.015, 2.263, 93.750, 1513.725, 1126.989
清风徐来，
22.56, 24.12
0, 0.000, 2.564, 144.231, 1888.103, 1129.302
水波不兴，
24.78, 26.595
0, 0.000, 2.204, 125.000, 1885.156, 1241.908
举酒煮客。
27.45, 28.81
0, 0.000, 2.941, 144.231, 1316.171, 1122.209
宋明月之诗歌窈窕之章，
29.41, 34.565
0, 0.000, 1.940, 104.167, 1478.756, 1125.837
少烟月出于东山之上，
36.88, 41.28
1, 1.000, 2.647, 89.286, 1455.158, 1039.828
徘徊于斗牛之间。
41.84, 44.36
0, 0.000, 2.778, 117.188, 1367.216, 1059.885
白鹭横横江水光接天。
45.3, 50.405
0, 0.000, 1.763, 110.294, 1517.748, 1146.200
纵一苇之所如凌万顷之茫然，
52.14, 58.835
0, 0.000, 1.792, 104.167, 1332.015, 1060.846
浩浩乎如凭虚御风而不知其所止。
60.77, 66.75
0, 0.000, 2.341, 85.227, 1474.637, 1133.104
飘飘乎如一是独立羽化而登仙。
67.83, 76.165
0, 0.000, 1.560, 56.818, 1380.790, 1127.224
于是，
79.32, 79.82
0, 0.000, 4.000, 267.857, 1830.185, 1151.798
饮酒乐甚扣弦而歌之。
80.6, 85.46
1, 0.980, 2.320, 133.929, 1560.519, 1164.859
歌曰，
86.12, 86.895
0, 0.000, 2.581, 144.231, 1109.388, 833.716
桂棹兮兰桨击空明兮溯流光，
87.77, 95.455
1, 0.980, 1.790, 104.167, 1616.527, 1172.889
渺渺兮予怀望。
96.61, 100.43
1, 1.100, 2.206, 98.684, 1117.475, 1021.149
美人兮天一方客有吹洞箫者，
100.77, 109.86
2, 2.915, 1.943, 133.929, 1205.878, 1026.538
以歌而喝之，
110.42, 112.935
0, 0.000, 1.988, 133.929, 1171.810, 987.058
其声呜呜然如怨如木，
114.19, 119.47
1, 0.825, 2.020, 117.188, 1115.313, 995.640
如契如素，
120.25, 123.115
1, 0.875, 2.010, 110.294, 1415.558, 1279.821
余音袅袅不绝，
124.9, 127.76
0, 0.000, 2.098, 125.000, 1112.091, 970.182
如缕无幽鹤之前郊弃孤舟之离。
128.06, 135.65
1, 1.225, 2.042, 125.000, 1090.301, 1030.049
父苏子悄然正襟危坐而问客曰，
135.93, 144.46
1, 2.105, 2.023, 144.231, 1170.935, 989.163
何谓其然，
145.06, 146.6
0, 0.000, 2.597, 89.286, 1365.430, 1054.208
也可曰，
146.66, 148.825
1, 1.165, 3.000, 125.000, 1228.985, 876.935
月明星稀，
150.21, 152.29
0, 0.000, 1.923, 117.188, 1769.005, 1257.772
乌鹊南飞，
153.17, 155.21
0, 0.000, 1.961, 85.227, 1583.075, 1145.307
此非曹孟德之失乎。
156.21, 159.635
0, 0.000, 2.336, 133.929, 1574.131, 1129.283
西望夏口东望武昌，
160.98, 164.48
0, 0.000, 2.286, 117.188, 1260.231, 1053.996
山川湘辽，
165.0, 166.26
0, 0.000, 3.175, 170.455, 1714.866, 1132.753
郁乎苍苍。
166.62, 168.1
0, 0.000, 2.703, 117.188, 1259.516, 1039.679
此非孟得得之困于周郎者乎方旗破荆州下江陵顺流而东也。
168.56, 180.475
1, 1.345, 2.365, 125.000, 1263.102, 1067.269
逐卢千里旌旗碧空诗酒临江横朔赋诗固一世之雄也。
181.29, 191.165
1, 0.855, 2.439, 133.929, 1737.536, 1183.887
而今，
192.12, 192.745
0, 0.000, 3.200, 234.375, 1097.461, 1008.927
安仔仔况无鱼子，
193.74, 198.47
1, 1.215, 1.991, 110.294, 1251.226, 1004.057
鱼侨于江渚之上，
199.17, 202.03
0, 0.000, 2.448, 104.167, 1667.442, 1151.874
旅鱼虾而有迷落驾一叶之扁舟。
202.77, 209.48
1, 0.805, 2.202, 117.188, 1439.683, 1033.935
举庖尊以相主，
209.9, 212.28
0, 0.000, 2.521, 117.188, 1802.258, 1221.793
寄浮游于天地，
213.2, 215.705
0, 0.000, 2.395, 170.455, 1652.244, 1177.463
渺沧海之一粟哀吾声之须臾。
216.41, 223.27
1, 1.555, 2.262, 81.522, 1652.605, 1122.690
现长江之无穷，
224.21, 227.15
0, 0.000, 2.041, 144.231, 1739.711, 1154.505
携飞仙以遨游，
228.37, 230.785
0, 0.000, 2.484, 170.455, 1549.996, 1215.835
犹抱，
230.92, 231.6
0, 0.000, 2.941, 133.929, 857.137, 650.997
明月而长，
231.9, 233.72
0, 0.000, 2.198, 170.455, 1339.562, 1006.455
终知不可乎，
233.9, 237.57
1, 1.395, 2.198, 81.522, 1453.516, 1037.609
昼得托遗响与悲风。
237.77, 243.225
1, 0.840, 1.733, 89.286, 1336.820, 1128.782
苏子月客亦之浮水与月乎。
244.9, 251.915
2, 2.305, 2.335, 72.115, 1301.837, 988.450
逝者如斯，
252.76, 254.06
0, 0.000, 3.077, 93.750, 1707.282, 1107.244
而未尝亡也。
254.64, 257.225
0, 0.000, 1.934, 93.750, 884.096, 612.070
盈虚者，
259.0, 260.16
0, 0.000, 2.586, 144.231, 2093.305, 1189.852
如彼而卒，
260.62, 263.06
1, 0.880, 2.564, 93.750, 1503.507, 1149.610
莫消长也。
263.24, 265.015
0, 0.000, 2.254, 133.929, 1544.732, 1163.853
盖将自其变者。
266.07, 268.45
0, 0.000, 2.521, 117.188, 1615.107, 1076.571
而观之，
268.63, 269.51
0, 0.000, 3.409, 170.455, 1307.720, 923.423
则天地，
269.93, 270.89
0, 0.000, 3.125, 125.000, 1773.403, 1231.648
曾不能以一瞬自其不变者，
271.45, 275.555
0, 0.000, 2.680, 85.227, 1408.890, 1157.899
而观之，
275.84, 276.6
0, 0.000, 3.947, 187.500, 1419.905, 1041.588
则物与我皆无尽也。
277.02, 280.88
0, 0.000, 2.073, 133.929, 1064.513, 1012.914
而又何羡乎皆夫天地之间，
281.66, 287.96
1, 1.675, 2.378, 72.115, 1203.556, 1050.373
物各有主，
288.5, 290.22
0, 0.000, 2.326, 110.294, 829.224, 724.787
苟非吾之所有。
291.0, 292.9
0, 0.000, 3.158, 144.231, 1276.039, 1117.922
虽一毫而没，
293.18, 295.245
0, 0.000, 2.421, 156.250, 1391.177, 1179.618
我去惟江上之晴风与山间之明月而得之而为生目喻之而成色，
295.45, 309.975
2, 2.140, 2.099, 133.929, 1458.992, 1105.602
取之无尽，
311.0, 312.98
0, 0.000, 2.020, 110.294, 1589.146, 1190.506
用之不竭，
313.36, 315.485
0, 0.000, 1.882, 93.750, 1437.970, 1174.140
是造物者之无尽藏也。
316.32, 319.84
0, 0.000, 2.557, 104.167, 1460.479, 1116.733
而吾与子之所共，
320.5, 324.48
0, 0.000, 1.759, 78.125, 1215.711, 1040.715
事客喜而笑喜斩耕浊尧河，
324.96, 333.67
2, 2.565, 1.790, 98.684, 1425.035, 1129.482
既尽背叛狼迹，
333.95, 336.855
0, 0.000, 2.065, 104.167, 1348.428, 1071.818
将于枕介乎舟中，
338.8, 341.06
0, 0.000, 3.097, 156.250, 1323.688, 1157.693
不知东方之迹白。
341.72, 346.295
1, 0.900, 1.905, 64.655, 1242.357, 1092.648
