将进酒君不见黄河之水，
3.89, 11.01
2, 3.740, 2.959, 170.455, 1308.711, 1048.528
天上来奔流到海，
11.45, 14.39
0, 0.000, 2.381, 117.188, 1443.532, 1129.691
不复回。
14.81, 16.255
0, 0.000, 2.076, 144.231, 870.245, 830.711
君不见高堂明镜悲白发，
17.56, 21.58
0, 0.000, 2.488, 125.000, 1242.367, 1080.364
朝如青丝暮成雪。
22.46, 26.325
0, 0.000, 1.811, 85.227, 1244.263, 1133.589
人生得意须尽欢，
29.04, 32.54
0, 0.000, 2.000, 104.167, 1431.067, 1230.322
莫使金樽空对月。
33.26, 36.06
0, 0.000, 2.500, 117.188, 1150.139, 1116.375
天生我材必有，
36.76, 38.645
0, 0.000, 3.183, 85.227, 1562.442, 1113.165
不用千金散尽还复来烹羊宰牛且为乐。
38.81, 47.86
1, 1.335, 2.074, 125.000, 1276.435, 1028.803
会须一饮三百杯。
48.38, 51.955
0, 0.000, 1.958, 125.000, 1590.117, 1138.957
岑夫子丹丘生将进酒杯莫停，
52.94, 58.555
0, 0.000, 2.137, 144.231, 1300.311, 1067.038
与君歌一曲，
59.65, 61.49
0, 0.000, 2.717, 125.000, 1638.352, 1197.903
请君为我倾耳听钟鼓馔玉不足贵，
62.31, 72.165
2, 3.095, 2.071, 125.000, 1044.809, 947.821
但愿长醉复醒。
73.0, 77.305
1, 1.695, 2.299, 125.000, 1105.231, 943.141
古来圣贤皆寂，
79.27, 82.055
0, 0.000, 2.154, 156.250, 1548.781, 1148.515
惟有饮者留其名。
82.85, 86.335
0, 0.000, 2.009, 104.167, 1567.103, 1189.228
陈王昔时宴平乐斗酒十千恣欢谑。
87.88, 95.555
0, 0.000, 1.824, 125.000, 1491.339, 1139.186
主人何谓言少钱，
96.49, 99.445
0, 0.000, 2.369, 93.750, 1427.118, 1108.398
径须沽取对君酌。
100.4, 103.78
0, 0.000, 2.071, 98.684, 1441.812, 1157.232
五花马千金裘徒儿将出换美酒，
104.58, 110.49
0, 0.000, 2.200, 81.522, 1299.974, 1046.610
与尔同销万物丑。
111.13, 116.205
1, 0.955, 1.699, 85.227, 1158.118, 922.253
