明月别枝惊鹊，
6.04, 8.045
0, 0.000, 2.993, 187.500, 1941.479, 1303.041
清风半夜鸣蝉稻花香里说，
9.56, 16.02
1, 2.145, 2.549, 170.455, 1439.319, 1180.896
丰年听取蛙声，
16.1, 19.43
1, 1.025, 2.603, 234.375, 1581.587, 1177.646
一片七八个星，
19.53, 23.5
1, 2.625, 4.461, 93.750, 1296.007, 970.763
天外两三点雨，
23.5, 26.3
1, 1.285, 3.960, 117.188, 1168.669, 941.228
山前旧时，
26.3, 29.2
1, 1.815, 3.687, 234.375, 1710.225, 1277.047
茅店社林边路转溪桥弧现皎洁的月光，
29.2, 46.97
3, 13.600, 3.837, 81.522, 966.977, 903.489
从树枝间掠过，
47.19, 48.575
0, 0.000, 4.332, 110.294, 1385.990, 1188.316
惊废了枝头的喜鹊清凉的晚风吹来，
49.39, 53.865
1, 1.525, 5.085, 125.000, 1551.725, 1240.398
仿佛听见了远处的蝉叫声，
54.67, 56.795
0, 0.000, 5.176, 125.000, 1898.289, 1248.620
在稻花的香气里，
58.83, 60.305
0, 0.000, 4.746, 133.929, 1467.673, 1271.559
耳边传来一阵阵青蛙的叫声，
61.08, 63.935
0, 0.000, 4.203, 66.964, 1785.611, 1319.986
好像在说，
65.2, 65.9
0, 0.000, 5.714, 187.500, 1747.471, 1226.666
今年真是一个丰收的好年景。
66.56, 69.785
1, 0.815, 4.979, 98.684, 1642.603, 1249.353
天空中轻云漂浮闪烁的星星，
75.69, 79.94
1, 1.075, 3.780, 144.231, 1682.819, 1185.302
忽明忽暗，
79.98, 80.915
0, 0.000, 4.278, 156.250, 827.188, 597.253
山前下起了淅淅沥沥的小雨，
81.88, 84.215
0, 0.000, 5.139, 110.294, 1849.747, 1348.554
往日的小茅草屋，
86.8, 88.08
0, 0.000, 5.469, 125.000, 1144.129, 1069.954
还在土地庙的树林旁，
88.62, 90.345
0, 0.000, 5.217, 93.750, 1426.618, 1068.970
道路转过溪水的源头，
91.64, 93.545
0, 0.000, 4.724, 170.455, 1359.367, 1143.734
他便忽然出现在了眼前。
94.4, 96.925
0, 0.000, 3.960, 144.231, 1406.272, 1110.249
明月别枝惊鹊，
102.15, 104.035
0, 0.000, 3.183, 144.231, 2023.830, 1301.468
清风半夜鸣。
105.26, 107.44
0, 0.000, 2.294, 187.500, 1143.414, 1039.470
蝉稻花香里说，
107.44, 111.3
1, 2.165, 3.540, 208.333, 1381.268, 1048.501
丰年听取蛙声，
111.32, 114.33
1, 0.945, 2.906, 234.375, 1526.874, 1131.774
一片七八个星，
114.43, 118.01
1, 2.295, 4.669, 156.250, 1370.174, 995.383
天外两三点雨，
118.01, 120.84
1, 1.245, 3.785, 187.500, 1277.226, 1002.259
山前旧时，
120.84, 123.75
1, 1.775, 3.524, 208.333, 1514.975, 1222.054
茅店社林边路转溪桥弧现。
123.75, 129.36
2, 2.240, 3.264, 156.250, 1748.472, 1114.865
