武陵春春晚，
1.62, 4.545
1, 1.305, 3.086, 170.455, 1318.182, 1097.417
宋代李清照风住沉香花已见日晚卷。
6.38, 24.26
5, 13.140, 3.165, 187.500, 1335.758, 1033.455
梳头物是人非事事休允许泪先流。
24.46, 36.675
3, 7.085, 2.729, 117.188, 1185.666, 1181.466
闻说双溪春上好，
43.06, 45.175
0, 0.000, 3.310, 93.750, 1544.234, 1125.211
野里泛轻舟，
46.95, 48.655
0, 0.000, 2.933, 93.750, 1154.245, 1225.251
只恐双栖择孟舟，
51.87, 54.245
0, 0.000, 2.947, 208.333, 1437.095, 1248.275
再不动许多愁风住。
57.46, 120.6
2, 60.640, 3.200, 234.375, 952.831, 905.880
沉香花已尽，
120.7, 123.16
1, 0.960, 3.333, 93.750, 884.649, 900.489
风住沉香日晚花已尽倦梳头日晚卷梳头物是人非事事休物是人非。
123.46, 136.54
2, 3.560, 2.941, 117.188, 1472.663, 1243.781
事事休允许欲雨泪先流泪先流。
137.56, 143.965
1, 1.105, 2.453, 117.188, 1739.685, 1417.742
文说双溪春上好。
146.34, 148.22
0, 0.000, 3.723, 93.750, 1606.907, 1150.778
闻说双溪春上好眼，
148.62, 152.84
1, 0.905, 2.413, 187.500, 1514.166, 1252.380
你犯轻舟眼，
152.84, 154.6
0, 0.000, 2.841, 93.750, 998.130, 1081.233
你犯轻舟，
154.6, 156.225
0, 0.000, 2.462, 85.227, 1379.966, 1280.089
只恐双栖则梦舟，
157.99, 160.13
0, 0.000, 3.271, 208.333, 1570.261, 1245.229
只恐双栖则猛舟，
160.21, 163.835
1, 1.395, 3.139, 170.455, 1097.462, 1063.669
再不动，
166.1, 166.7
0, 0.000, 5.000, 144.231, 750.767, 694.662
再不动许多愁，
166.7, 169.93
1, 1.725, 3.987, 156.250, 1443.550, 1298.821
许多丑多愁。
170.27, 171.895
0, 0.000, 3.077, 187.500, 1402.174, 1154.545
