不向长安路上行，
10.58, 13.185
0, 0.000, 2.687, 133.929, 1494.040, 1168.898
却叫山寺燕冯迎为无为，
14.23, 19.69
1, 1.855, 2.774, 156.250, 1346.608, 1178.666
处求无乐裁。
19.69, 22.28
1, 0.915, 2.985, 104.167, 1622.758, 1197.496
不裁奸过此生命，
22.28, 26.76
1, 2.015, 2.840, 110.294, 1351.514, 1129.109
做我气，
26.76, 28.59
1, 0.945, 3.390, 40.761, 1099.065, 991.789
其清人间走遍却归根。
28.67, 33.075
1, 0.975, 2.624, 208.333, 1545.755, 1209.888
一松一竹真朋友，
34.78, 37.045
0, 0.000, 3.091, 93.750, 1423.536, 1152.774
山鸟山花好弟兄，
37.95, 41.315
1, 1.015, 2.979, 125.000, 1455.971, 1133.082
不用再奔波去往帝都的路上，
54.86, 57.175
0, 0.000, 5.184, 98.684, 1375.678, 1273.519
却常常来往于山寺之间，
58.24, 60.185
0, 0.000, 5.141, 156.250, 1827.723, 1320.166
以至让山寺都讨厌我在有畏和无畏之间追求生活乐趣，
61.16, 68.705
1, 1.815, 4.014, 133.929, 1421.104, 1179.891
在才与不财之间度过一生。
69.78, 72.855
1, 0.815, 4.867, 133.929, 1504.243, 1190.264
我宁可保持自我的独立人格，
75.46, 78.375
0, 0.000, 4.117, 156.250, 1119.634, 980.387
也不愿意趋炎附势略去功名了。
79.32, 82.205
0, 0.000, 4.506, 104.167, 1677.976, 1203.595
走遍人间，
84.04, 84.82
0, 0.000, 5.128, 117.188, 1340.636, 1195.217
过了大半生，
85.56, 86.815
0, 0.000, 3.984, 170.455, 1119.819, 1014.380
还是走上了归根一途松竹是我的真朋友。
87.69, 92.495
1, 1.455, 5.075, 117.188, 1542.037, 1185.919
花鸟是我的好弟兄，
93.25, 95.885
1, 0.865, 4.520, 85.227, 1452.544, 1162.959
不向长安路上行，
108.11, 110.185
0, 0.000, 3.373, 144.231, 1582.963, 1276.499
却叫山寺雁逢迎为无为，
111.33, 116.4
1, 1.775, 3.035, 208.333, 1415.275, 1160.657
处求无乐，
116.4, 118.005
0, 0.000, 2.492, 104.167, 1540.995, 1169.017
裁不裁奸过此生宁做我气，
118.99, 125.12
2, 2.680, 3.188, 110.294, 1324.614, 1108.632
其清人间走遍却归根一松一竹，
125.24, 132.07
3, 3.405, 3.796, 104.167, 1398.010, 1128.759
真朋友，
132.15, 133.015
0, 0.000, 3.468, 187.500, 1333.760, 1166.487
山鸟山花好弟兄。
133.84, 136.935
1, 0.875, 3.153, 144.231, 1481.739, 1208.458
