 hello hello gbhely 雨打梨花深闭门，
0.03, 15.165
2, 12.660, 10.909, 133.929, 1122.731, 949.022
忘了青春，
17.35, 18.265
0, 0.000, 4.372, 117.188, 1742.378, 1169.212
误了青春赏心乐事，
20.09, 24.145
1, 1.905, 3.721, 117.188, 1501.520, 1286.974
供谁论。
25.56, 26.365
0, 0.000, 3.727, 312.500, 1940.394, 1444.910
花下销魂，
28.95, 30.185
0, 0.000, 3.239, 110.294, 1069.180, 1110.295
月下销魂愁聚眉峰尽日平千点题痕，
32.23, 42.425
3, 5.580, 3.250, 187.500, 1187.234, 1073.887
万点剔痕。
43.88, 45.165
0, 0.000, 3.113, 208.333, 1205.151, 1112.729
晓看天色暮看云行也思君坐眼思聚，
47.47, 56.285
3, 4.485, 3.464, 117.188, 1278.496, 1056.749
伸闭房门隔窗，
68.81, 71.16
1, 1.025, 4.528, 187.500, 1429.469, 1145.273
只能听到雨打梨花的声音，
71.28, 73.195
0, 0.000, 5.744, 170.455, 1343.630, 1227.645
就这样辜负了青春年华，
74.8, 77.515
0, 0.000, 3.683, 93.750, 1221.178, 1058.389
也虚度了青春年华。
78.6, 80.225
0, 0.000, 4.923, 78.125, 1482.504, 1199.896
纵然有欢畅愉悦的心情，
82.0, 84.175
0, 0.000, 4.598, 75.000, 1506.774, 1249.579
又能和谁分享？
85.63, 86.925
0, 0.000, 4.633, 98.684, 1355.354, 1120.991
花下也黯然神伤，
88.8, 91.405
0, 0.000, 2.687, 208.333, 1399.885, 1272.264
月下也黯然神伤，
92.84, 95.555
0, 0.000, 2.578, 156.250, 1642.309, 1323.696
整日里都是眉头紧皱，
97.15, 99.935
0, 0.000, 3.232, 125.000, 1345.885, 1237.375
如带风送起，
100.73, 102.025
0, 0.000, 3.861, 133.929, 1661.021, 1326.189
脸上留下了千点泪痕，
103.89, 105.895
0, 0.000, 4.489, 125.000, 1178.530, 1096.808
万点泪痕。
107.68, 108.645
0, 0.000, 4.145, 133.929, 720.500, 517.540
从早上到晚上一直都在看着天色云霞走路的时候，
111.5, 118.595
2, 2.660, 4.735, 156.250, 1210.060, 1104.465
想着你坐着的时候也想着你嗯，
119.62, 133.26
3, 10.985, 4.896, 156.250, 1065.868, 848.811
雨打梨花深闭门，
141.17, 144.105
1, 1.060, 3.733, 93.750, 1419.413, 1243.992
忘了青春，
146.04, 146.965
0, 0.000, 4.324, 110.294, 1708.459, 1245.182
误了青春，
148.62, 149.595
0, 0.000, 4.103, 133.929, 1716.478, 1253.800
赏心乐事，
151.9, 153.115
0, 0.000, 3.292, 208.333, 2656.492, 1282.972
供谁论花下销魂，
154.15, 158.225
1, 1.995, 3.365, 78.125, 1093.164, 1052.966
月下销魂，
160.09, 161.275
0, 0.000, 3.376, 78.125, 1269.808, 1258.797
愁聚眉峰。
163.65, 164.71
0, 0.000, 3.774, 98.684, 1812.519, 1173.816
近日，
165.35, 165.87
0, 0.000, 3.846, 208.333, 1509.567, 1354.668
平尖点题痕，
165.87, 169.195
1, 1.605, 2.907, 93.750, 1353.267, 1173.156
万点贴痕，
171.26, 172.505
0, 0.000, 3.213, 104.167, 1212.738, 1064.212
晓看天色目看云行也思君坐眼词句。
174.94, 183.985
2, 3.830, 2.876, 72.115, 1239.216, 1062.670
