春江花月夜张若虚，
1.88, 4.975
0, 0.000, 2.585, 144.231, 1449.692, 1268.027
春江潮水连海平。
12.65, 15.775
1, 0.815, 3.030, 187.500, 1589.721, 1212.277
海上明月共潮生，
17.83, 21.385
1, 1.175, 2.941, 156.250, 1426.307, 1205.502
燕燕随波千万里何处。
23.95, 27.66
1, 1.265, 3.681, 85.227, 1126.827, 1035.849
春江五月江流婉转绕芳殿，
27.74, 35.435
2, 4.225, 3.170, 75.000, 1211.160, 1062.969
月照花林皆四现空里流霜不觉飞。
36.76, 43.995
1, 2.025, 2.687, 75.000, 1249.806, 1187.813
听上白沙看不见江天一色无仙尘。
45.48, 53.395
2, 3.360, 3.074, 156.250, 1321.396, 1203.336
皎皎空中吴月伦，
54.74, 57.745
1, 0.835, 3.226, 208.333, 966.557, 892.090
江畔，
59.79, 60.25
0, 0.000, 4.348, 234.375, 1491.340, 1190.312
何人初见月，
60.39, 61.865
0, 0.000, 3.390, 104.167, 1339.044, 1147.186
江月何年初照人人生代代无穷矣。
63.21, 70.205
2, 2.920, 3.436, 125.000, 1169.372, 1120.625
江月年年望相似，
71.37, 74.195
0, 0.000, 2.478, 208.333, 1163.022, 1189.575
不知江月待何人，
76.02, 77.905
0, 0.000, 3.714, 104.167, 1303.483, 1171.960
但见长江送流水，
79.06, 82.615
1, 0.995, 2.734, 110.294, 1484.344, 1241.759
必须白云一片去。
84.07, 87.36
1, 0.995, 3.050, 78.125, 1294.092, 1216.079
悠悠清风谱上无胜愁。
87.58, 92.825
2, 2.190, 2.946, 156.250, 1315.486, 1175.193
谁家今夜扁舟子何处相思明月楼，
94.94, 101.785
2, 2.340, 3.108, 208.333, 1214.139, 1110.643
可怜楼上月徘徊，
104.28, 106.315
0, 0.000, 3.440, 81.522, 1258.818, 1073.420
应照离人妆镜台玉壶帘中卷不去，
107.67, 114.065
1, 1.825, 3.063, 170.455, 1209.594, 1107.156
到衣针上换来，
115.37, 118.555
1, 1.155, 2.956, 117.188, 1204.151, 1093.040
此时相望不相闻，
120.47, 122.405
0, 0.000, 3.618, 144.231, 1829.388, 1409.806
愿逐月华。
123.54, 124.58
0, 0.000, 3.846, 104.167, 1087.324, 1044.837
刘兆君鸿雁长飞光不度鱼龙潜月水成文。
125.24, 133.675
2, 2.720, 2.975, 144.231, 1387.737, 1258.967
昨夜闲谈梦落花。
135.55, 137.695
0, 0.000, 3.263, 89.286, 1293.013, 1144.393
可怜春半不还家。
138.72, 141.755
0, 0.000, 2.306, 133.929, 1076.727, 924.136
江水流春去欲静，
143.58, 145.965
0, 0.000, 2.935, 93.750, 1920.487, 1230.388
江潭落月赴西峡，
147.19, 150.315
0, 0.000, 2.240, 187.500, 1441.746, 1111.614
斜月沉沉藏海雾结石潇湘无线路，
152.66, 159.155
1, 1.145, 2.617, 170.455, 1551.170, 1232.495
不知成月几人归落月，
160.79, 165.67
2, 2.280, 3.462, 78.125, 1170.926, 1045.634
瑶情满江树。
165.77, 169.025
1, 1.155, 2.381, 125.000, 1196.026, 1054.427
