本节目由喜马拉雅独家播出，
1.1, 3.245
0, 0.000, 5.594, 133.929, 1522.152, 1204.378
红藕相残，
25.44, 26.655
0, 0.000, 3.292, 78.125, 1567.922, 1140.882
遇点秋清洁罗场，
27.36, 31.035
1, 1.565, 3.318, 208.333, 1467.410, 1170.400
独上兰州云中谁寄请书来燕子回是月满西楼，
32.51, 42.845
3, 4.755, 3.405, 117.188, 1359.232, 1134.574
花自飘零水自流，
45.86, 48.785
0, 0.000, 2.393, 117.188, 1537.410, 1174.360
一种相思，
50.51, 51.545
0, 0.000, 3.865, 110.294, 2056.390, 1206.527
两处闲愁，
53.03, 54.175
0, 0.000, 3.493, 110.294, 1841.379, 1193.804
此情无计可消除，
57.24, 59.805
0, 0.000, 2.729, 104.167, 1821.849, 1178.199
才下眉头就像心头粉红色的荷花已经凋谢，
61.87, 77.485
3, 11.165, 4.045, 144.231, 1143.148, 963.718
幽香也已经消散光滑如玉的朱席带着秋的凉意解开绫罗裙，
78.63, 88.33
3, 4.455, 4.766, 110.294, 1376.488, 1148.834
换上便装，
89.01, 90.055
0, 0.000, 3.828, 144.231, 1698.012, 1312.446
独自登上小船，
90.9, 92.265
0, 0.000, 4.396, 133.929, 1746.654, 1246.041
仰头凝望远天白云书卷处，
94.92, 98.585
1, 1.145, 4.365, 75.000, 1499.631, 1140.879
谁会将锦书寄来燕群飞回来时，
99.76, 105.225
1, 2.525, 4.422, 144.231, 1516.719, 1209.020
月光已经洒满了西楼落花，
106.32, 111.42
1, 2.525, 4.272, 144.231, 1018.701, 896.211
独自飘零着水。
111.44, 114.01
1, 1.125, 4.152, 110.294, 1361.558, 1102.680
独自流淌着彼此都在思念对方，
114.47, 119.225
1, 1.965, 4.659, 110.294, 1205.669, 1022.944
却又不能互相倾诉，
120.26, 121.875
0, 0.000, 4.954, 187.500, 1955.443, 1311.865
只好各在一方。
123.43, 124.47
0, 0.000, 5.769, 133.929, 1684.665, 1223.824
独自愁闷着这相思的愁苦，
124.49, 129.425
1, 2.555, 4.622, 89.286, 1465.561, 1134.227
实在无法派遣。
130.49, 131.865
0, 0.000, 4.364, 234.375, 1682.073, 1130.610
刚从微促的眉间消失，
133.74, 135.675
0, 0.000, 4.651, 125.000, 2151.056, 1312.600
有阴影缠绕上了心头。
137.17, 140.305
1, 1.015, 4.245, 133.929, 1347.720, 1107.579
红藕相残与点秋清洁，
152.88, 157.8
2, 2.350, 3.502, 133.929, 1337.011, 1080.242
罗长独上兰州云中谁寄锦书来燕子回是月满西楼，
157.82, 171.335
4, 7.300, 3.379, 98.684, 1259.270, 1043.519
花自飘零水自流，
174.57, 177.105
0, 0.000, 2.761, 144.231, 1669.158, 1215.012
一种相思两处闲愁，
179.11, 183.185
1, 1.705, 3.376, 98.684, 1511.013, 1147.088
此情无迹可消除，
185.83, 187.785
0, 0.000, 3.581, 170.455, 1808.072, 1208.316
才下眉头去上心头。
189.47, 194.215
2, 2.240, 3.194, 144.231, 1417.763, 1139.347
