天上碧桃何露重日边红杏已云栽芙蓉生在秋江上，
9.2, 20.275
2, 3.490, 2.769, 81.522, 1272.627, 1231.136
不像东风愿未开。
21.36, 24.615
1, 1.005, 3.111, 117.188, 1239.265, 1119.133
天上的碧桃喝着甘露，
30.54, 33.06
1, 0.820, 5.294, 125.000, 1157.743, 1087.079
种植，
33.06, 33.635
0, 0.000, 3.478, 208.333, 2318.486, 1344.898
日边的红杏，
35.25, 36.19
0, 0.000, 5.319, 110.294, 1507.367, 1319.956
依着彩云栽培芙蓉生长。
36.91, 40.58
1, 1.425, 4.454, 93.750, 1212.096, 1120.088
在这秋天的江畔，
40.58, 42.065
0, 0.000, 4.714, 98.684, 1517.226, 1226.811
从来都不抱怨东风，
42.99, 45.03
0, 0.000, 3.922, 58.594, 757.200, 787.412
不让他及时开放诗的前两句比喻别人考中进士，
45.03, 53.48
1, 3.865, 4.362, 156.250, 1097.897, 1079.057
并表达羡慕之意。
53.84, 55.255
0, 0.000, 4.947, 66.964, 1450.955, 1348.208
后两句表达了自己的自信和进取，
56.03, 59.43
0, 0.000, 4.118, 62.500, 1540.245, 1337.235
也希望能够得到高侍郎的援引和赏识。
59.93, 63.495
0, 0.000, 4.488, 110.294, 1522.019, 1356.330
天上碧桃何露重，
70.79, 73.135
0, 0.000, 2.985, 110.294, 1262.430, 1129.730
日边红杏云灾。
75.46, 78.345
1, 1.175, 3.509, 117.188, 1061.671, 1162.085
芙蓉生在秋江上，
80.33, 82.395
0, 0.000, 3.390, 170.455, 1667.148, 1377.999
不像东风愿未开迷丽。
83.37, 104.51
2, 18.210, 3.072, 144.231, 786.930, 795.883
我想。
106.35, 106.715
0, 0.000, 5.479, 312.500, 593.864, 406.395
