呈现人间浊玉兰天莺起雨点，
4.89, 11.23
1, 2.295, 2.967, 110.294, 1212.181, 1150.191
苏娘自作青歌传号齿风起雪飞沿海变清凉，
11.41, 22.425
3, 4.655, 2.830, 170.455, 1446.374, 1239.661
万里归来颜欲上微笑，
25.05, 29.615
1, 1.565, 3.000, 144.231, 1090.197, 1119.288
孝时犹戴领梅香。
31.18, 33.915
0, 0.000, 2.559, 64.655, 1700.265, 1380.012
试问，
35.77, 36.19
0, 0.000, 4.762, 267.857, 2761.473, 1222.778
岭南英不好，
36.19, 37.605
0, 0.000, 3.534, 117.188, 1030.222, 916.264
却到此心安处是无乡常常羡慕这世间如玉雕琢般风神俊朗的男子就连上天也怜惜他，
39.23, 57.855
4, 9.880, 4.117, 125.000, 1119.052, 1049.810
给予他柔美聪慧的家人和之相伴。
58.54, 62.325
0, 0.000, 3.699, 110.294, 1167.758, 1080.387
人人称道，
64.56, 65.46
0, 0.000, 4.444, 98.684, 1313.492, 1227.301
那女子歌声轻妙，
65.9, 67.64
0, 0.000, 4.023, 133.929, 1624.083, 1324.789
笑容柔美。
68.18, 69.145
0, 0.000, 4.145, 93.750, 1695.461, 1252.246
风起的时候，
70.14, 71.16
0, 0.000, 4.902, 133.929, 1461.955, 1406.562
那歌声就像雪片飞过炎热的夏日，
71.72, 74.635
0, 0.000, 4.803, 98.684, 1859.187, 1386.387
使世界变得清凉。
75.53, 77.015
0, 0.000, 4.714, 110.294, 1974.400, 1357.715
你从遥远的地方归来，
79.96, 81.715
0, 0.000, 5.128, 133.929, 867.367, 829.143
却看起来更加年轻了。
82.56, 84.285
0, 0.000, 5.217, 98.684, 1748.955, 1221.219
笑容依旧。
85.1, 85.955
0, 0.000, 4.678, 117.188, 1587.528, 1442.500
校园里好像还带着岭南梅花的清香。
87.27, 91.155
0, 0.000, 3.861, 110.294, 1410.401, 1276.016
我问你，
92.59, 93.245
0, 0.000, 4.580, 208.333, 302.659, 149.010
岭南的风土应该不太好吧，
93.97, 96.955
0, 0.000, 3.685, 117.188, 1084.416, 896.614
你却坦然的回答说，
98.27, 99.65
0, 0.000, 5.797, 144.231, 1361.147, 1155.532
新安定的地方便是我的故乡。
100.45, 103.935
1, 1.015, 4.858, 125.000, 1217.521, 1168.241
尝现人间浊玉兰天莺起雨点，
112.92, 119.06
1, 2.245, 3.081, 117.188, 1146.131, 1102.088
苏娘自作清歌传号齿风起雪飞，
119.2, 128.57
3, 5.285, 3.182, 208.333, 1383.706, 1232.077
沿海便清凉万里归来，
128.57, 135.15
1, 3.425, 2.853, 93.750, 1004.964, 949.474
颜玉少微笑笑时犹带领梅香。
135.67, 142.375
2, 2.080, 2.595, 187.500, 1406.855, 1302.568
试问，
144.35, 144.79
0, 0.000, 4.545, 234.375, 2595.683, 1350.312
岭南因不好，
144.81, 146.255
0, 0.000, 3.460, 104.167, 1124.315, 1045.850
却到此心安处是无乡。
147.42, 152.105
2, 1.950, 3.291, 110.294, 1491.670, 1209.734
