永向常年愿起罗离情终日思风波，
19.47, 28.025
2, 3.190, 2.610, 170.455, 1175.894, 1159.636
湘江竹上恒无限献手，
30.58, 36.43
2, 3.010, 3.169, 104.167, 1353.777, 1213.624
碑前洒几多人去。
36.59, 42.98
2, 4.280, 3.318, 89.286, 1251.938, 1050.851
紫台秋入塞冰残楚障叶问歌朝来坝水桥边问为地轻袍，
43.06, 59.105
5, 8.880, 3.210, 85.227, 1261.139, 1074.252
宋玉珂又必在永巷当中哀怨的宫妃。
60.43, 73.465
1, 8.675, 3.440, 66.964, 1025.069, 870.783
长年累月的泪湿起落，
74.72, 77.245
0, 0.000, 3.564, 85.227, 1718.050, 1389.061
闺中独居的思赋，
79.88, 81.445
0, 0.000, 4.473, 156.250, 1789.615, 1287.635
在思念游子整天都担心江上的风波，
82.4, 87.115
1, 1.485, 4.644, 125.000, 1489.211, 1223.012
湘江边的竹子上斑驳的提痕，
89.89, 93.605
1, 1.005, 4.428, 125.000, 1350.238, 1281.092
也因无数献守山的石碑前感怀的涕泪，
95.02, 101.915
2, 3.110, 4.227, 104.167, 1443.731, 1219.637
留下几多昭君离去，
103.38, 108.41
1, 2.985, 3.912, 81.522, 1224.506, 1104.742
紫台在秋风中走向荒凉的塞外项羽兵困垓下，
108.43, 117.375
2, 4.000, 3.842, 93.750, 1072.479, 999.019
在营帐里夜问凄窗的楚歌，
118.41, 122.645
1, 1.835, 4.583, 170.455, 1292.616, 1148.969
我在清晨来到坝水桥边，
125.97, 129.205
1, 1.115, 4.717, 133.929, 1371.161, 1211.232
看到亲朋寒室相送，
130.72, 133.79
1, 0.985, 3.837, 208.333, 1652.612, 1323.544
达官贵人才明白，
133.81, 137.075
1, 1.775, 4.698, 156.250, 973.107, 834.934
这一切都不算什么，
138.82, 141.825
1, 1.465, 5.195, 187.500, 1389.287, 1205.307
永向常年愿绮罗离情终日思风波，
150.2, 157.855
2, 2.580, 2.759, 110.294, 1203.739, 1092.100
湘江竹上横无限献手，
160.12, 164.94
1, 1.645, 2.835, 144.231, 1347.526, 1210.896
碑前洒季，
165.02, 167.53
1, 1.155, 2.952, 117.188, 1505.458, 1246.751
多人去紫台秋入塞冰残楚障叶文歌朝来坝水桥边问为底轻袍宋玉。
167.63, 189.84
7, 13.390, 3.175, 170.455, 1064.462, 959.020
