上国随原著来途若梦醒，
13.85, 18.495
1, 1.125, 2.841, 208.333, 1273.253, 1068.066
伏天沧海远去世法周清水月通禅记鱼龙听半身，
20.27, 31.065
3, 3.755, 2.841, 170.455, 1448.511, 1145.437
威廉一灯影万里眼中明。
32.8, 37.665
1, 1.055, 2.625, 78.125, 917.079, 831.198
只要有机缘，
52.72, 53.62
0, 0.000, 5.556, 133.929, 1648.006, 1282.055
随时都可以到中国来。
54.4, 55.915
0, 0.000, 5.941, 93.750, 1194.357, 1082.246
一路雾霭茫茫船只就像在梦中航行一样，
57.26, 62.045
1, 0.835, 4.304, 234.375, 1163.503, 1047.903
天海浮沉小船驶向遥远的边界，
64.01, 67.985
1, 0.905, 4.235, 133.929, 1630.661, 1269.374
超脱世俗，
69.37, 70.295
0, 0.000, 4.324, 187.500, 1989.585, 1335.404
自然就能感受到法咒轻盈，
71.13, 73.305
0, 0.000, 5.057, 110.294, 1500.314, 1190.954
清静，
75.26, 75.72
0, 0.000, 4.348, 267.857, 2000.953, 1427.015
宁定清净，
76.26, 77.445
0, 0.000, 3.376, 208.333, 1647.587, 1406.810
一切都将水月虚幻。
78.54, 81.065
1, 0.830, 4.720, 187.500, 1511.603, 1223.673
海内鱼龙也会出来听你诵经，
83.44, 86.405
0, 0.000, 4.047, 234.375, 1292.070, 1085.732
最可爱的是有一盏照亮心田的佛灯航行万里眼中永远都是灿烂光明。
87.81, 98.05
3, 2.570, 3.781, 98.684, 1108.423, 1014.066
上国随原著来途若梦行福天沧海远去世法周清水月通禅技鱼龙听范生威廉一登影，
113.51, 132.665
6, 7.430, 2.985, 89.286, 1274.851, 1013.881
万里眼中明。
133.67, 136.135
0, 0.000, 2.028, 156.250, 1063.650, 894.661
