我居北海军南海既言传书写，
8.6, 15.64
3, 3.370, 3.270, 98.684, 1411.002, 1088.942
不能桃李春风一杯酒，
15.74, 20.725
1, 2.265, 3.309, 117.188, 1230.038, 1026.901
江湖夜雨十年的持家，
22.03, 28.67
2, 3.870, 3.249, 64.655, 1489.628, 1187.013
但有四利弊，
28.73, 30.525
0, 0.000, 2.786, 81.522, 967.116, 873.173
治病不齐。
32.3, 33.24
0, 0.000, 4.255, 117.188, 2039.344, 1387.004
三、
33.98, 34.22
0, 0.000, 8.333, 133.929, 1926.435, 1260.809
哲功想见读书头已白隔西原枯胀西藤。
34.3, 45.645
3, 5.465, 2.721, 110.294, 1269.471, 1059.745
我住在北方的海滨，
64.1, 65.635
0, 0.000, 5.212, 104.167, 1137.502, 966.054
你住在南方的海滨，
66.92, 69.185
0, 0.000, 3.532, 104.167, 1178.076, 1033.341
本想托鸿雁传书，
71.9, 73.685
0, 0.000, 3.922, 133.929, 1571.167, 1229.379
可他却飞不过衡阳想当年在春风下，
74.6, 80.6
1, 2.565, 4.367, 89.286, 1338.218, 1048.157
我们看着桃李共饮美酒江湖落魄，
81.38, 86.765
1, 1.385, 3.500, 89.286, 1065.589, 966.152
一别已经是十年，
87.95, 89.335
0, 0.000, 5.054, 110.294, 2047.588, 1307.970
常常对着孤灯，
91.25, 92.39
0, 0.000, 5.263, 117.188, 1249.912, 1193.270
听着秋雨，
93.05, 93.955
0, 0.000, 4.420, 312.500, 1781.555, 1236.728
思念着你，
95.22, 95.875
0, 0.000, 6.107, 170.455, 1568.222, 1288.209
你为了生计，
98.94, 99.905
0, 0.000, 5.181, 187.500, 1715.678, 1405.382
也只能目睹四面空墙艰难。
100.88, 104.55
1, 1.115, 4.305, 89.286, 1378.910, 1134.291
如此，
104.55, 105.075
0, 0.000, 3.810, 267.857, 1459.045, 1169.598
古人三折功之后可称良医。
107.74, 110.675
0, 0.000, 3.748, 156.250, 1200.724, 1128.772
但我不希望你如此想你。
112.29, 116.83
1, 2.885, 6.042, 267.857, 1236.997, 1124.503
清贫自守，
116.83, 117.73
0, 0.000, 4.444, 133.929, 2055.718, 1319.289
发奋读书，
118.43, 119.415
0, 0.000, 4.061, 156.250, 1998.125, 1262.348
如今头发已经白了吧，
120.99, 122.705
0, 0.000, 5.248, 125.000, 1007.360, 811.612
隔着充满瘴气的山溪，
125.11, 127.015
0, 0.000, 4.724, 93.750, 1941.704, 1383.161
我好像看见猿猴哀鸣着攀登深山里的青藤，
128.21, 134.485
2, 2.010, 4.220, 144.231, 1350.751, 1085.476
我居北海居南海纪念传书，
149.36, 155.675
2, 3.060, 3.379, 208.333, 1438.460, 1052.928
且不能桃李春风一杯酒江湖夜雨十年的持家，
156.48, 170.75
4, 8.680, 3.399, 66.964, 1320.602, 1089.535
但有四利臂治病不齐。
170.81, 174.965
1, 1.385, 3.249, 98.684, 1557.097, 1255.590
三折公想见读书头已白，
175.9, 182.055
1, 3.035, 3.205, 93.750, 1382.498, 1130.356
隔西原枯胀西藤。
183.59, 187.165
1, 1.085, 2.811, 125.000, 1471.412, 1224.680
