边草边草边草径来萦绕山南山北雪晴千里万里，
5.36, 19.235
5, 7.575, 3.175, 144.231, 1260.751, 1043.478
月明明月明月，
20.56, 26.49
2, 4.455, 4.068, 78.125, 770.195, 584.326
胡家一生筹绝边塞的野草呀。
28.0, 40.825
2, 9.550, 3.664, 78.125, 1213.632, 974.098
边塞的野草野草枯尽，
41.72, 45.605
1, 1.765, 4.245, 144.231, 1096.736, 900.696
书边的将士也已经变老。
46.41, 49.005
0, 0.000, 3.854, 133.929, 1438.780, 1229.570
山南山北雪后放晴，
50.78, 53.355
0, 0.000, 3.107, 89.286, 1765.365, 1330.412
千里万里，
54.94, 55.825
0, 0.000, 4.520, 125.000, 1252.891, 1220.038
处处都见明月明月呀，
56.9, 61.565
1, 2.195, 3.644, 98.684, 1057.572, 918.850
明月远处传来。
62.8, 65.7
1, 1.620, 4.687, 156.250, 1260.905, 1015.482
胡家一声令人悲苦愁绝，
65.7, 70.185
1, 1.835, 3.774, 125.000, 1435.082, 1149.646
边草边草边草尽来冰冷。
78.15, 86.695
3, 5.285, 3.067, 78.125, 1165.906, 941.577
山南山北雪晴千里，
89.0, 92.82
1, 1.495, 3.441, 156.250, 1773.141, 1351.553
万里，
92.84, 93.285
0, 0.000, 4.494, 133.929, 1173.949, 1109.659
月明明月明月，
94.08, 99.72
2, 4.085, 3.859, 78.125, 783.995, 598.194
胡家一生丑觉。
101.04, 104.665
1, 1.685, 3.093, 98.684, 1535.108, 1237.486
