醉里挑灯看剑梦回吹角连营八百里分晖下炙古时弦翻塞外声沙场秋点兵马作的炉飞快弓如霹雳弦惊了却君王天下事，
5.84, 28.715
7, 8.295, 3.429, 125.000, 1253.894, 1072.121
赢得生前身后名可怜白发生。
29.74, 37.365
3, 3.850, 3.179, 144.231, 1434.941, 1134.606
醉梦里调亮油灯，
48.95, 51.16
0, 0.000, 3.167, 75.000, 1516.638, 1080.577
观看宝剑，
51.28, 52.195
0, 0.000, 4.372, 133.929, 1242.701, 1021.992
梦中回到了当年的各个营垒，
53.59, 55.765
0, 0.000, 5.517, 125.000, 670.185, 616.419
接连响起了号角声，
56.82, 58.395
0, 0.000, 5.079, 144.231, 1639.754, 1341.831
把烤牛肉分给部下乐队，
60.61, 63.54
1, 1.015, 5.222, 125.000, 1401.038, 1056.709
演奏起了北疆歌曲。
63.54, 65.045
0, 0.000, 5.316, 89.286, 1548.516, 1252.966
这是秋天在战场上阅兵战马，
66.35, 69.86
1, 1.135, 5.053, 144.231, 1547.011, 1141.317
像蒂鲁马一样跑得飞快，
69.86, 71.46
0, 0.000, 6.250, 81.522, 803.449, 672.748
弓箭像惊雷一样震耳离弦，
71.94, 74.055
0, 0.000, 5.201, 144.231, 1273.797, 1229.762
一心想替君主完成收复国家失地的大业，
75.55, 79.085
0, 0.000, 4.809, 75.000, 1415.820, 1244.323
取得世代相传的美名。
79.83, 81.665
0, 0.000, 4.905, 144.231, 1549.002, 1314.561
这可怜你成了白发人，
83.19, 86.765
1, 1.635, 4.639, 117.188, 1306.291, 1059.538
醉里挑灯看剑梦回吹角连荫八百里，
99.72, 106.95
2, 2.320, 3.055, 156.250, 1398.350, 1024.955
分麾下炙五十弦翻塞外声沙场秋点兵马作地炉飞快弓如霹雳弦惊了却君王天下事，
106.97, 123.115
4, 4.460, 2.995, 117.188, 1461.856, 1108.070
赢得生前身后名。
124.24, 127.495
1, 0.915, 2.991, 144.231, 1571.907, 1243.979
可怜白发生。
128.94, 132.545
1, 1.785, 2.747, 133.929, 1349.577, 1122.035
可怜白发生。
134.65, 138.26
1, 1.985, 3.077, 133.929, 1422.480, 1101.216
嗯这嗯，
140.78, 145.5
1, 4.070, 4.615, 93.750, 1264.317, 1022.522
