杨花落尽子规啼。
9.06, 12.055
1, 0.875, 3.302, 110.294, 1023.221, 1140.964
今天你闻道龙标古今，
12.91, 17.3
2, 1.865, 3.564, 104.167, 571.615, 840.964
我寄愁心与明月随君，
20.51, 25.72
1, 2.085, 2.880, 156.250, 1148.485, 1206.655
直到夜郎西在柳絮路弯子规啼名之时。
25.88, 41.695
3, 11.815, 4.000, 104.167, 868.301, 909.267
我听说你被贬为龙标位，
43.68, 45.645
0, 0.000, 5.089, 98.684, 815.871, 892.237
要经过五夕，
47.05, 48.115
0, 0.000, 4.695, 93.750, 1277.133, 1325.555
我把忧愁的心思寄给明月，
50.55, 53.745
1, 0.965, 4.933, 93.750, 956.394, 1087.854
希望能随着风，
55.86, 57.115
0, 0.000, 4.781, 144.231, 1443.406, 1265.999
一直陪着你到夜郎西杨花落尽子规啼闻道，
58.36, 86.28
4, 23.680, 4.245, 110.294, 717.290, 691.582
龙标故溪。
86.34, 88.675
1, 0.940, 2.867, 125.000, 682.306, 997.563
我寄愁心与明月，
91.95, 94.005
0, 0.000, 3.406, 133.929, 1347.692, 1335.800
随君直到夜郎西。
96.76, 100.555
1, 1.325, 2.834, 187.500, 1001.521, 1129.415
