的我的好不的秋风轻秋月明，
0.03, 13.275
2, 10.655, 4.633, 104.167, 1512.004, 1204.895
落叶俱涣散，
15.62, 17.145
0, 0.000, 3.279, 93.750, 1656.356, 1341.839
寒鸦其父亲相亲相见知何日，
19.23, 26.395
1, 2.665, 2.667, 104.167, 1228.802, 1195.626
此时此夜难为情，
28.14, 31.775
1, 1.445, 3.196, 104.167, 1251.080, 1228.451
入我相思门，
34.78, 36.615
0, 0.000, 2.725, 78.125, 1291.039, 1114.266
知我相思苦，
38.21, 40.735
1, 0.975, 3.226, 89.286, 1224.481, 1117.683
长相四兮，
43.41, 44.625
0, 0.000, 3.292, 187.500, 2104.759, 1312.656
长相忆短相思心无穷，
45.69, 51.57
2, 3.400, 3.629, 125.000, 1204.661, 1114.456
极早知如此半人心何如。
51.67, 59.47
2, 4.450, 2.985, 104.167, 1065.752, 984.105
当初莫相识。
59.47, 62.465
1, 1.345, 3.030, 104.167, 1510.206, 1237.239
秋天的风是这么激清。
77.37, 80.965
1, 1.555, 4.412, 78.125, 1725.120, 1328.200
秋天的月是这么明亮，
82.56, 86.275
1, 1.715, 4.500, 117.188, 1264.534, 1036.560
落叶飘飘，
88.06, 89.165
0, 0.000, 3.620, 156.250, 1665.478, 1160.772
聚了还离散，
90.12, 91.265
0, 0.000, 4.367, 81.522, 1859.149, 1284.697
就连栖息在树上的鸦雀都心惊，
92.76, 96.325
1, 0.845, 4.779, 125.000, 1797.144, 1338.066
想当日彼此亲爱相聚分开以后，
99.26, 105.365
2, 2.980, 4.160, 125.000, 1261.636, 1146.091
何时才能相聚在这秋风秋月的夜里，
106.97, 112.435
1, 2.485, 5.034, 117.188, 1289.398, 1174.512
想起来想，
113.94, 118.095
1, 2.995, 3.448, 93.750, 1365.445, 951.769
真是情何以堪呀？
119.5, 120.905
0, 0.000, 4.982, 66.964, 1623.387, 1142.204
走入相思之门，
123.46, 124.805
0, 0.000, 4.461, 104.167, 1878.264, 1480.477
直到相思之苦，
126.24, 127.495
0, 0.000, 4.781, 156.250, 1820.396, 1260.249
永远的相思，
129.68, 130.815
0, 0.000, 4.405, 81.522, 1940.628, 1347.387
永远的回忆，
132.91, 133.815
0, 0.000, 5.525, 133.929, 778.087, 859.351
短暂的相思却也没有止境。
135.86, 140.555
1, 2.515, 5.046, 104.167, 1447.953, 1164.660
早知道相思如此，
142.98, 145.57
1, 1.045, 4.531, 81.522, 1334.406, 1100.389
在心中牵绊，
145.57, 146.755
0, 0.000, 4.219, 110.294, 1423.869, 1195.858
不如当初就不要相识了。
148.55, 151.895
1, 1.345, 5.000, 89.286, 1596.498, 1146.423
秋风清，
165.45, 166.355
0, 0.000, 3.315, 133.929, 2262.997, 1277.350
秋月明，
168.7, 169.585
0, 0.000, 3.390, 104.167, 1879.473, 1453.261
落叶俱涣散，
172.1, 174.125
0, 0.000, 2.469, 110.294, 1443.460, 1215.233
寒鸦七负惊相亲，
176.91, 182.46
1, 3.375, 3.218, 89.286, 1284.896, 1094.394
相见知何日，
182.54, 184.735
0, 0.000, 2.278, 93.750, 1388.656, 1123.650
此时此夜难为情，
186.8, 191.075
1, 2.105, 3.226, 110.294, 1372.999, 1173.035
入我相思门。
195.33, 197.305
0, 0.000, 2.532, 156.250, 1498.207, 1284.606
知我相思苦，
199.57, 202.115
1, 0.915, 3.067, 156.250, 1447.137, 1137.425
长相思兮长相忆，
204.64, 206.935
0, 0.000, 3.050, 133.929, 2009.540, 1249.556
短相思溪无穷极早知如此，
208.98, 217.13
2, 5.060, 3.560, 133.929, 1473.569, 1125.195
半人心何如，
217.25, 221.54
1, 2.895, 3.584, 144.231, 1015.774, 861.271
当初莫相识嗯。
221.54, 227.26
2, 3.930, 3.352, 156.250, 1460.450, 1196.260
