唯有所念人隔在远远乡。
11.3, 15.475
1, 1.705, 4.049, 104.167, 784.887, 887.556
我有所感示，
17.97, 19.265
0, 0.000, 3.861, 104.167, 2087.167, 1491.069
结在深深肠相远去，
21.09, 26.45
1, 2.715, 3.025, 98.684, 1608.463, 1355.714
不得。
26.45, 27.025
0, 0.000, 3.478, 117.188, 578.327, 428.493
五日不瞻望长生解不得。
28.7, 33.595
1, 1.825, 3.257, 62.500, 1256.384, 1277.360
无锡不思量，
35.3, 37.455
1, 0.885, 3.937, 133.929, 1614.574, 1410.973
况似残灯夜读书在空堂。
40.17, 45.345
1, 1.525, 2.740, 110.294, 1185.218, 1086.785
秋天书未晓，
47.76, 49.315
0, 0.000, 3.215, 125.000, 1812.492, 1285.491
风雨正苍苍，
50.59, 52.725
0, 0.000, 2.342, 208.333, 1546.573, 1272.907
不觉头陀法前心安渴望我有深深思念的人，
54.87, 70.335
3, 11.240, 4.260, 144.231, 1139.631, 1015.767
却相隔很远。
72.52, 73.625
0, 0.000, 4.525, 170.455, 1655.487, 1319.163
在他乡，
74.72, 75.545
0, 0.000, 3.636, 312.500, 1364.426, 1140.822
我有所感怀的事，
79.07, 80.585
0, 0.000, 4.620, 133.929, 1688.133, 1432.256
却深深的埋在心底，
82.37, 84.975
1, 0.845, 4.545, 98.684, 1768.030, 1426.569
故乡遥远难以归去。
87.44, 90.105
1, 0.855, 4.420, 104.167, 1317.158, 1219.565
我没有一天不要忘他心中的愁苦，
91.96, 96.105
1, 1.515, 5.323, 98.684, 1218.353, 1049.427
却无处化解，
97.91, 98.955
0, 0.000, 4.785, 187.500, 1970.490, 1175.469
日日夜夜都没有停止。
100.65, 103.48
1, 1.365, 6.143, 156.250, 1297.725, 1240.602
想念我的前路，
103.48, 107.66
1, 3.025, 5.195, 234.375, 955.301, 880.037
似乎也迷茫无望了，
107.7, 110.055
0, 0.000, 3.397, 104.167, 504.404, 509.830
只能独自租在这空屋当中，
111.3, 114.485
1, 0.935, 4.889, 267.857, 1401.288, 1229.870
秋天还没有来临，
117.18, 118.525
0, 0.000, 5.204, 133.929, 1609.817, 1307.815
却已经风雨纷纷了，
119.55, 121.105
0, 0.000, 5.145, 125.000, 1509.840, 1259.992
不学学苦行僧的佛法，
122.79, 124.645
0, 0.000, 4.852, 69.444, 1384.642, 1170.269
又怎么忘记曾经的过往呢？
126.27, 129.365
1, 0.985, 5.213, 110.294, 1454.027, 1020.409
唯有所念人隔在远远乡。
138.09, 142.435
1, 1.855, 4.016, 110.294, 950.304, 1009.770
我有所感示，
145.04, 146.365
0, 0.000, 3.774, 93.750, 2024.779, 1373.151
结在深深肠相远去，
148.0, 153.67
2, 3.285, 3.354, 170.455, 1805.051, 1351.551
不得无日不瞻望长生解，
153.67, 160.01
2, 3.190, 3.175, 72.115, 1263.042, 1240.716
不得无心不思量。
160.01, 163.075
1, 1.305, 3.977, 125.000, 1145.075, 1201.599
况此残灯夜毒素在空堂。
165.87, 170.965
2, 2.230, 3.490, 234.375, 1222.912, 1097.133
秋天树未笑，
173.14, 174.785
0, 0.000, 3.040, 104.167, 1860.698, 1227.769
风雨正苍苍。
176.25, 178.395
0, 0.000, 2.331, 187.500, 1590.900, 1252.024
不学头陀法，
180.08, 181.455
0, 0.000, 3.636, 81.522, 1623.921, 1177.308
前心安渴望。
182.86, 185.645
1, 1.180, 3.115, 187.500, 1175.848, 1061.611
