春未老风细柳霞霞世上超人，
5.27, 14.12
2, 4.650, 2.857, 187.500, 1077.463, 1138.137
台上看半毫春水一城花。
14.18, 20.555
2, 3.305, 3.257, 110.294, 1142.240, 1068.511
烟雨按千家寒食候酒醒，
23.0, 33.2
3, 7.155, 3.284, 93.750, 966.227, 1063.073
却自接修。
33.68, 37.31
1, 2.525, 3.620, 104.167, 1171.705, 1194.036
对故人思故国，
37.31, 40.145
1, 1.095, 3.448, 170.455, 492.857, 537.133
且将心火是新茶。
42.11, 45.335
1, 0.965, 3.097, 93.750, 1767.657, 1377.290
诗酒趁年华，
47.27, 50.695
1, 2.000, 3.509, 89.286, 1382.087, 1393.872
春天还没有过去，
62.14, 63.545
0, 0.000, 4.982, 144.231, 1767.584, 1350.245
微风细细柳枝些些的随之起舞，
64.92, 69.465
1, 1.585, 4.392, 156.250, 1362.553, 1324.796
试着登上超然台，
71.84, 73.425
0, 0.000, 4.416, 125.000, 1963.309, 1335.268
远远眺望护城。
74.2, 77.03
1, 1.545, 4.669, 170.455, 1069.006, 1132.365
河内淡漫的春水微微闪动，
77.03, 81.515
2, 1.860, 4.190, 125.000, 1325.982, 1293.878
满城处处都是春花明艳，
83.07, 86.095
0, 0.000, 3.306, 133.929, 1599.435, 1274.145
迷迷蒙蒙的细雨飘散在城中，
88.96, 92.225
0, 0.000, 3.675, 133.929, 1418.671, 1307.530
千家万户却看不真切，
93.94, 96.965
1, 1.165, 4.839, 170.455, 1238.449, 1251.271
按时间以后酒醒，
101.5, 104.595
1, 1.295, 3.889, 187.500, 1321.069, 1329.241
反而因为思乡而叹息不已，
105.48, 108.685
1, 0.995, 4.977, 104.167, 1324.105, 1052.418
不要在老朋友面前思念故乡了，
111.81, 114.275
0, 0.000, 5.274, 104.167, 1381.769, 1312.883
姑且点上心火，
115.84, 117.325
0, 0.000, 4.040, 170.455, 1416.559, 1436.354
捧一杯。
118.64, 119.16
0, 0.000, 5.769, 187.500, 542.253, 410.832
刚才的新茶作诗醉酒都要趁年华尚在嗯春未老风细柳霞霞世上超然台上看半毫春水一城花英语暗千家寒食候酒醒却自接休对故人思故国，
119.16, 170.895
14, 32.880, 3.129, 98.684, 1040.292, 1119.900
且将心火是新茶诗酒。
172.56, 178.855
2, 3.070, 2.791, 81.522, 1513.933, 1363.644
趁年华嗯嗯，
180.24, 187.19
2, 5.265, 2.967, 187.500, 913.459, 1036.171
