你是一垂钓绿湾，
4.35, 7.52
1, 1.645, 4.590, 170.455, 1455.262, 1351.584
春春深杏花乱潭清怡水，
7.52, 13.34
2, 2.320, 2.857, 104.167, 1420.875, 1211.442
浅河动之云散，
13.42, 16.325
1, 0.875, 2.956, 125.000, 1407.010, 1236.041
日暮待情人。
17.77, 19.285
0, 0.000, 3.300, 85.227, 1299.806, 1255.023
潍州绿杨岸在春天的绿水般垂钓，
20.11, 32.825
1, 8.485, 3.310, 156.250, 835.851, 903.283
春色意浓，
33.74, 34.62
0, 0.000, 4.545, 170.455, 1396.823, 1327.696
杏花盛开的纷纷扬扬，
35.36, 37.305
0, 0.000, 4.627, 125.000, 1665.303, 1322.786
潭水非常的清澈，
39.47, 41.115
0, 0.000, 4.255, 144.231, 2004.125, 1304.600
让我不由疑心是不是水太清强，
42.22, 45.225
0, 0.000, 4.326, 267.857, 1755.580, 1306.995
荷叶摇动，
47.27, 48.09
0, 0.000, 4.878, 98.684, 701.014, 539.713
才知道鱼在游散，
48.91, 50.295
0, 0.000, 5.054, 85.227, 1311.669, 1225.526
一直到日暮，
51.81, 52.805
0, 0.000, 5.025, 267.857, 854.220, 1084.611
我都在等知心的人接上。
53.7, 56.74
1, 1.145, 5.277, 187.500, 1266.958, 1280.538
小舟停靠在绿杨岸边，
56.74, 59.775
1, 0.865, 4.147, 78.125, 1295.721, 1178.194
诗歌描绘了一幅夕阳，
62.69, 64.49
0, 0.000, 5.000, 125.000, 1415.642, 1334.068
反照下，
64.49, 65.19
0, 0.000, 4.286, 170.455, 1401.885, 1322.759
绿柳依依，
65.75, 66.63
0, 0.000, 4.545, 93.750, 335.896, 154.745
扁舟荡漾。
67.15, 68.11
0, 0.000, 4.167, 125.000, 1536.656, 1246.172
小伙子，
68.63, 69.33
0, 0.000, 4.286, 125.000, 1187.335, 1257.525
时而低头，
69.33, 70.09
0, 0.000, 5.263, 170.455, 1640.562, 1335.090
整理吊丝，
70.11, 70.91
0, 0.000, 5.000, 187.500, 1640.491, 1384.996
时而深情凝望，
71.45, 72.84
0, 0.000, 4.317, 93.750, 2266.883, 1355.163
远处闪闪的波光，
72.84, 74.42
0, 0.000, 4.430, 125.000, 1992.245, 1324.360
静静的等待他的心上。
75.18, 77.26
0, 0.000, 4.327, 64.655, 1234.189, 1108.481
情人，
77.28, 77.795
0, 0.000, 3.883, 234.375, 1509.628, 1383.874
你垂钓绿湾春春深杏花乱，
80.24, 90.525
2, 6.505, 2.910, 156.250, 1090.011, 1095.941
潭青已水浅河动之余散，
91.83, 96.105
1, 0.905, 2.967, 93.750, 1602.030, 1301.722
日暮待情人。
97.73, 99.345
0, 0.000, 3.096, 89.286, 1549.042, 1401.070
潍州绿杨岸。
100.32, 102.675
1, 0.900, 3.436, 170.455, 891.444, 973.005
