月黑见渔灯，
5.95, 7.865
0, 0.000, 2.611, 110.294, 1232.446, 1077.096
孤光一点，
9.44, 11.02
0, 0.000, 2.532, 62.500, 762.896, 758.548
萤微微风簇浪，
11.06, 14.495
1, 1.595, 3.261, 93.750, 1001.112, 950.313
散作满河星漆黑的夜晚不见月亮，
15.6, 28.535
1, 8.015, 2.846, 81.522, 851.141, 727.732
只看到渔船上的灯光，
29.82, 31.46
0, 0.000, 5.488, 104.167, 1723.059, 1336.713
在茫茫的夜色中，
32.16, 33.42
0, 0.000, 5.556, 93.750, 1509.302, 1209.098
像萤火虫一样发出微亮。
33.84, 36.515
0, 0.000, 3.738, 170.455, 1266.868, 1081.136
微风阵阵，
38.36, 39.365
0, 0.000, 3.980, 93.750, 1298.323, 1391.220
河水泛起，
40.12, 41.16
0, 0.000, 3.846, 93.750, 1747.706, 1190.431
层层的波浪，
41.16, 42.115
0, 0.000, 5.236, 234.375, 815.118, 779.658
雨灯的微光在水面上散开，
43.26, 45.775
0, 0.000, 4.374, 110.294, 1568.258, 1194.072
好像无数的星星洒落在河面上，
46.85, 50.215
0, 0.000, 3.863, 144.231, 1376.665, 1196.662
月黑见渔灯，
57.07, 58.575
0, 0.000, 3.322, 117.188, 1004.930, 990.846
孤光一点萤。
59.88, 61.575
0, 0.000, 2.950, 78.125, 570.127, 492.948
微微风簇浪，
63.25, 64.785
0, 0.000, 3.257, 170.455, 1290.641, 1105.034
散作满河星嗯。
65.64, 86.13
1, 17.795, 2.226, 81.522, 975.324, 822.858
