林断山明，
18.68, 19.76
0, 0.000, 3.704, 117.188, 1572.457, 1304.010
烛影强乱蝉衰草小池塘翻空。
20.6, 28.9
3, 4.300, 3.000, 170.455, 1479.167, 1117.529
百鸟时时见照水红渠细细相村。
28.92, 37.83
3, 4.505, 2.951, 78.125, 1671.951, 1221.440
社外古城旁杖离徐部转斜阳阴晴，
37.83, 48.45
4, 6.170, 3.146, 170.455, 1430.765, 1065.461
昨夜三更雨，
48.53, 50.785
1, 0.860, 3.584, 125.000, 1066.383, 948.163
又得浮生。
52.8, 54.245
0, 0.000, 2.768, 133.929, 1751.138, 1291.969
一日凉远处树林的尽头，
56.31, 68.62
1, 9.895, 4.141, 144.231, 1509.842, 1035.856
有一座高山，
69.3, 70.28
0, 0.000, 5.102, 133.929, 1402.513, 1153.840
清晰可见，
70.4, 71.305
0, 0.000, 4.420, 144.231, 1604.882, 1229.216
静处丛生的翠竹围绕在屋舍旁院落旁边有一个长满衰草的池塘，
72.85, 81.61
1, 2.225, 4.132, 208.333, 1355.629, 1095.588
蝉声四起，
82.51, 83.51
0, 0.000, 4.000, 156.250, 2020.268, 1365.633
叫声乱作一团天空当中，
84.13, 87.885
1, 1.395, 4.237, 144.231, 1556.240, 1091.577
不时的有白色的小鸟上下翻飞，
88.76, 91.415
0, 0.000, 4.896, 110.294, 1381.241, 1184.886
满池荷花，
92.94, 93.9
0, 0.000, 4.167, 72.115, 1348.352, 1278.597
映照着绿水散发出柔和的芳香。
94.86, 98.685
1, 0.935, 4.498, 187.500, 1506.441, 1097.044
在乡村的野外古城墙的近旁，
101.26, 104.745
1, 0.845, 4.545, 125.000, 1293.708, 1086.307
我手足篱杖，
105.92, 107.08
0, 0.000, 4.310, 133.929, 1612.906, 1310.165
徐徐的漫步转眼间，
107.76, 111.105
1, 1.475, 4.278, 93.750, 1587.570, 1219.213
太阳就落山了。
112.4, 113.555
0, 0.000, 5.195, 208.333, 1573.965, 1185.070
昨夜三更时分，
115.66, 117.295
0, 0.000, 3.670, 85.227, 1550.669, 1363.769
天公阴晴的下了一场好雨，
118.69, 120.835
0, 0.000, 5.128, 110.294, 1523.076, 1206.269
大概今天又能使那些漂泊不定的人，
122.28, 125.955
1, 0.925, 5.455, 133.929, 1270.860, 1097.079
享受一整天的凉爽。
126.71, 128.325
0, 0.000, 4.954, 125.000, 1715.000, 1316.446
嗯，
138.29, 138.53
0, 0.000, 4.167, 117.188, 564.232, 381.702
林断山鸣，
143.05, 144.05
0, 0.000, 4.000, 133.929, 1947.262, 1452.359
烛影强乱蝉衰草小池塘翻空。
144.67, 153.26
3, 4.930, 3.279, 117.188, 1620.441, 1097.647
百鸟时时见照水红渠细细相村。
153.34, 162.42
3, 4.365, 2.757, 78.125, 1745.554, 1200.121
社外古城旁帐离徐部转斜阳阴晴，
162.42, 172.65
4, 5.700, 3.091, 93.750, 1332.600, 1063.292
昨夜三更雨，
172.73, 175.335
1, 1.035, 3.185, 187.500, 982.347, 926.184
又得浮生一日凉。
177.16, 181.525
1, 2.165, 3.182, 117.188, 1336.810, 1058.434
