嗯，
0.39, 0.765
0, 0.000, 2.667, 312.500, 455.944, 413.957
马为二首其二，
3.72, 6.615
0, 0.000, 2.073, 170.455, 1286.790, 1087.257
海外图文更九州，
10.03, 13.215
0, 0.000, 2.198, 72.115, 1167.393, 1038.938
他声未卜此生休空闻胡履传箫拓，
14.18, 21.88
2, 2.305, 2.595, 117.188, 1409.402, 1158.473
无复几人报小愁。
22.32, 25.615
0, 0.000, 2.124, 144.231, 1177.134, 1077.258
此日，
27.13, 27.71
0, 0.000, 3.448, 156.250, 1213.101, 1000.097
六军同驻马当时七夕笑牵牛如何？
27.89, 36.19
1, 1.795, 2.152, 125.000, 1210.295, 1101.330
四季为天子，
36.33, 38.435
0, 0.000, 2.375, 144.231, 1448.500, 1207.145
不及儒家莫愁。
39.52, 43.585
1, 1.525, 2.362, 117.188, 1118.499, 1077.307
