嗯，
0.75, 0.99
0, 0.000, 4.167, 133.929, 209.316, 16.063
无题相见时难别亦难相见时难别亦难，
3.24, 15.735
3, 6.395, 2.623, 104.167, 1183.363, 1046.656
东风。
17.04, 17.62
0, 0.000, 3.448, 125.000, 557.629, 480.553
无力百花残春蚕到死丝方尽，
17.9, 24.74
1, 1.345, 2.184, 133.929, 949.485, 808.216
蜡炬成灰泪，
25.04, 26.86
0, 0.000, 2.747, 117.188, 1335.527, 1089.976
始干晓镜，
27.0, 30.65
1, 2.155, 2.676, 93.750, 1545.514, 1120.538
但愁云鬓改夜吟应觉月光寒衡山。
30.81, 42.11
3, 4.645, 2.104, 144.231, 1218.363, 966.242
此去无多路，
42.25, 44.875
1, 1.025, 3.125, 170.455, 1602.407, 1110.138
青鸟殷勤为探看。
46.07, 50.855
1, 1.185, 1.944, 170.455, 1494.725, 1106.595
