嗯，
0.17, 0.405
0, 0.000, 4.255, 117.188, 559.828, 243.251
景色锦瑟，
3.0, 6.8
1, 2.560, 3.226, 117.188, 1091.599, 983.361
无端五十弦，
7.06, 9.495
0, 0.000, 2.053, 187.500, 1671.230, 1190.307
一弦一柱思华年，
10.47, 14.525
0, 0.000, 1.726, 75.000, 1205.081, 1102.463
庄生晓梦一蝴蝶望帝春心破杜鹃沧海月明珠有泪，
16.19, 29.035
3, 3.750, 2.309, 133.929, 961.736, 932.851
蓝田日暖玉生烟，
30.19, 33.685
0, 0.000, 2.003, 93.750, 1313.305, 1121.428
此情可待成追忆，
36.27, 40.105
1, 1.325, 2.789, 125.000, 1140.974, 974.049
只是当时已惘然。
42.2, 46.565
1, 1.335, 2.310, 85.227, 1290.589, 1088.837
